      0/49     7.84G   0.07535    0.2103         0    0.2856        23       640    0.1868    0.2574    0.1419   0.06304   0.09032   0.01194         0
      1/49     10.7G   0.05079  0.008484         0   0.05928        42       640    0.8185    0.4577    0.6017    0.3725   0.05931   0.01074         0
      2/49     10.7G   0.03681  0.008544         0   0.04536        28       640    0.8333    0.6061    0.7086    0.4737   0.04991   0.01047         0
      3/49     10.7G   0.03517  0.008564         0   0.04374        34       640     0.671    0.7129    0.7263    0.5095   0.04998   0.01013         0
      4/49     10.7G   0.03318  0.008798         0   0.04198        36       640    0.8413    0.6832    0.7893    0.5486   0.04651  0.009448         0
      5/49     10.7G   0.03065  0.008403         0   0.03905        21       640    0.8625    0.7153     0.831    0.6185   0.04428  0.009338         0
      6/49     10.7G   0.02891  0.008163         0   0.03707        31       640    0.7922    0.7646    0.8199      0.59   0.04082   0.01032         0
      7/49     10.7G   0.02792  0.007987         0    0.0359        23       640    0.8709    0.7348    0.8402    0.6213   0.04069  0.009438         0
      8/49     10.7G   0.02717  0.007771         0   0.03494        30       640    0.8932     0.745    0.8554     0.642   0.03809  0.009521         0
      9/49     10.7G   0.02621  0.007555         0   0.03377        36       640    0.8947    0.7574     0.866    0.6566   0.03726  0.009465         0
     10/49     10.7G   0.02568  0.007573         0   0.03325        29       640    0.8838    0.8092    0.8785    0.6935   0.03581  0.009117         0
     11/49     10.7G   0.02476  0.007395         0   0.03216        26       640    0.8831    0.8416    0.8872    0.6885   0.03612  0.009308         0
     12/49     10.7G   0.02465  0.007228         0   0.03188        22       640    0.9051    0.8267    0.8948    0.6872   0.03521  0.009446         0
     13/49     10.7G    0.0243   0.00723         0   0.03153        31       640    0.9193    0.8463    0.9122    0.7116   0.03421  0.008957         0
     14/49     10.7G   0.02368  0.007198         0   0.03088        26       640      0.88    0.7649    0.8808     0.687   0.03443  0.009806         0
     15/49     10.7G   0.02315  0.006905         0   0.03006        40       640    0.9325    0.8218    0.9146    0.7133   0.03344  0.009178         0
     16/49     10.7G   0.02313  0.006794         0   0.02993        33       640    0.8553    0.8487     0.898    0.6995   0.03399  0.009373         0
     17/49     10.7G   0.02257  0.006645         0   0.02921        35       640    0.8985    0.8761    0.9265    0.7436   0.03055  0.009345         0
     18/49     10.7G   0.02194  0.006636         0   0.02858        28       640    0.8941    0.8564    0.9052    0.7141   0.03276  0.009502         0
     19/49     10.7G   0.02176  0.006703         0   0.02846        30       640    0.9121    0.8738    0.9286    0.7562   0.03165  0.009124         0
     20/49     10.7G    0.0215  0.006583         0   0.02808        24       640    0.9595    0.8218    0.9256    0.7535   0.03068  0.009325         0
     21/49     10.7G   0.02121  0.006507         0   0.02771        42       640    0.9426     0.854    0.9364    0.7662   0.03078  0.009146         0
     22/49     10.7G   0.02074  0.006238         0   0.02697        65       640    0.9583    0.8614    0.9353    0.7555   0.03133   0.00894         0
     23/49     10.7G   0.02022  0.006147         0   0.02637        25       640    0.9467    0.8837    0.9362    0.7573   0.03017  0.009163         0
     24/49     10.7G   0.02019  0.006149         0   0.02634        26       640    0.9171    0.9033    0.9371    0.7698   0.03015   0.00956         0
     25/49     10.7G   0.01993  0.005946         0   0.02588        40       640    0.9162    0.8935     0.935    0.7653   0.02991   0.00953         0
     26/49     10.7G   0.01943  0.005964         0    0.0254        31       640    0.9297    0.8837     0.937    0.7731   0.03013  0.009215         0
     27/49     10.7G   0.01915  0.005749         0    0.0249        25       640    0.9253    0.8885    0.9414    0.7848   0.03036  0.009084         0
     28/49     10.7G   0.01872  0.005661         0   0.02438        13       640    0.9521    0.8861    0.9372    0.7929   0.02954   0.00925         0
     29/49     10.7G   0.01871  0.005762         0   0.02448        28       640    0.9437    0.8886    0.9429    0.7871   0.02831  0.009364         0
     30/49     10.7G   0.01841  0.005597         0   0.02401        27       640    0.9496     0.886    0.9513    0.7971   0.02882  0.009312         0
     31/49     10.7G   0.01843  0.005649         0   0.02408        41       640    0.9276    0.9208    0.9532    0.8046    0.0292  0.009042         0
     32/49     10.7G   0.01803  0.005516         0   0.02355        21       640    0.9406     0.901    0.9489    0.7943    0.0282  0.009633         0
     33/49     10.7G   0.01758  0.005472         0   0.02305        25       640    0.9524     0.891    0.9503    0.8041   0.02909  0.009287         0
     34/49     10.7G   0.01722  0.005359         0   0.02258        17       640     0.953    0.9035    0.9528    0.8053   0.02775  0.009279         0
     35/49     10.7G   0.01728  0.005297         0   0.02257        28       640    0.9282    0.9282    0.9553    0.8065   0.02795  0.009137         0
     36/49     10.7G   0.01701   0.00516         0   0.02217        20       640     0.921    0.9232    0.9546    0.8074     0.028  0.009365         0
     37/49     10.7G   0.01688  0.005125         0   0.02201        45       640    0.9285    0.9332    0.9579    0.8163   0.02778  0.009371         0
     38/49     10.7G   0.01664  0.005112         0   0.02175        19       640    0.9288    0.9381    0.9653    0.8149   0.02686  0.009358         0
     39/49     10.7G   0.01657  0.005054         0   0.02162        32       640    0.9291    0.9406    0.9593    0.8175   0.02742  0.009288         0
     40/49     10.7G   0.01627  0.005067         0   0.02134        29       640    0.9274    0.9183    0.9582    0.8082   0.02698  0.009568         0
     41/49     10.7G   0.01614   0.00497         0   0.02111        39       640    0.9306    0.9307    0.9591    0.8119   0.02696  0.009624         0
     42/49     10.7G   0.01609  0.005007         0    0.0211        49       640    0.9536    0.9158    0.9616    0.8229   0.02675  0.009611         0
     43/49     10.7G   0.01568   0.00478         0   0.02046        47       640    0.9664    0.9257    0.9662    0.8238   0.02626  0.009457         0
     44/49     10.7G   0.01556  0.004736         0   0.02029        27       640    0.9564    0.9232    0.9646    0.8213   0.02629  0.009504         0
     45/49     10.7G   0.01554  0.004942         0   0.02049        33       640    0.9244    0.9381    0.9607    0.8242   0.02655   0.00954         0
     46/49     10.7G   0.01561   0.00474         0   0.02035        26       640    0.9536    0.9158    0.9629    0.8224   0.02647  0.009524         0
     47/49     10.7G   0.01525  0.004774         0   0.02003        34       640    0.9635    0.9157    0.9668    0.8325   0.02585  0.009449         0
     48/49     10.7G   0.01515  0.004595         0   0.01974        40       640    0.9698    0.9035    0.9618    0.8254   0.02621  0.009656         0
     49/49     10.7G   0.01509  0.004712         0    0.0198        25       640    0.9608    0.9108    0.9628    0.8329   0.02607  0.009482         0
